avg	se
0.952207499091565	0.017512393933402787
0.9597844488546399	0.020553298468488374
0.9844885936171938	0.013664994083920691
0.9805206858559661	0.01742399298964602
0.9776530136966766	0.020881762727338667
0.9728464115912786	0.019576384907914378
0.9705173729115181	0.02046783834416053
0.9699820451792048	0.022439797010041364
0.9657386599187664	0.017497518966044383
0.961568742617293	0.02055873219497429
0.9531031912191065	0.021413010788138426
0.9526915704888033	0.020442124725938638
0.9477142847407676	0.025051788981156915
0.9241571640031699	0.02685473836387143
0.9172410609719297	0.014955110206250052
0.914482351647635	0.026896512339313897
0.8952162386709739	0.0270141031356636
0.8993445361458449	0.021862272384318395
0.8805280449926004	0.015332655123485561
0.8655683984610667	0.018114456631421184
0.8516608099764923	0.029735148601367046
0.8568938707679739	0.012401929215130936
0.8511442171018639	0.017007028234792373
0.8394213352023419	0.020827503821764713
0.8311411295610824	0.016517226984050684
0.8267174875854018	0.01668519985152886
0.8104916963359159	0.025616603775747784
0.7968256253073168	0.025522576215152346
0.8014421017025702	0.032511478390282816
0.7858539530973271	0.017017044762197273
0.7737328458424038	0.024045258909697696
0.7733578715295477	0.018292813099419474
0.7702287108362097	0.018083822747880694
0.7577538031602845	0.021780428054405932
0.7606016314393974	0.015682425875184473
0.7506471474858556	0.01972955843535075
0.7468040351082363	0.02232493283377747
0.7359514687161891	0.016018418119091993
0.7265610248132538	0.013947927356506015
0.7121128407392694	0.02293050872483764
0.7080365442452858	0.02878830202347399
0.7141603335237777	0.009640039364799206
0.7046137225852798	0.011775487714334358
0.7033994158579865	0.024936018484128394
0.685717013197068	0.01580816696928117
0.6895371829258488	0.022322934644304144
0.6664799326448767	0.013078728409973905
0.6721995087263514	0.024290550761673864
0.6636452424520626	0.01790578157094666
0.6665465505301535	0.02639644163551342
0.6481081364884173	0.021455508078411595
0.6468342523100156	0.03159811713640374
0.6463174300810948	0.020319559327545568
0.6450464613206134	0.02309405559890635
0.6328783428447048	0.03473569582661226
0.6290363967009194	0.012341929279488443
0.631686406037958	0.02598993667532254
0.6232988867279998	0.012420191317981815
0.6023439088666029	0.01809797188513474
0.6024446255167295	0.02396757209460232
0.5938807328332085	0.01858208587659495
0.5882128124805537	0.018609332570680256
0.5676957263006079	0.01900718950957471
0.575339346972301	0.028838491139724306
0.568195397754804	0.02471820262497566
0.5785033792497206	0.0286650890109091
0.5522626227044007	0.021435527057726455
0.5568193850678015	0.020589995202234285
0.5518929199161592	0.013373047030371767
0.5624528666728039	0.025035729178586864
0.5602279129920223	0.021343285058186487
0.5457111215301819	0.02201895046757799
0.5450300050389176	0.02967010390358349
0.5399567573708163	0.01907371006833412
0.525619219056762	0.018090117652667815
0.5349764763146058	0.011155954195323522
0.5230753153704871	0.02567305925250257
0.5196999069957463	0.022259809351499682
0.5119196382861828	0.02029433170404135
0.5179474403404581	0.0211859244713883
0.5167834020837618	0.03021946592168625
0.512938429189868	0.018939812616244753
0.5036539464588068	0.023593525331956716
0.49545718829292074	0.020006740808074717
0.4988658422899689	0.020706660443409696
0.4962303139767711	0.01973544824975773
0.49228768281649826	0.019070916106673785
0.4795843726162784	0.025795240850955272
0.47355279259973637	0.019556936121534203
0.48029307009247085	0.022826191195322535
0.4834585511882958	0.02180467658246539
0.48062387006329177	0.012687354050449661
0.46491141172557215	0.020025547025043066
0.4687791706593235	0.022748158646119582
0.45450585892560724	0.013482123151541205
0.4560730381776562	0.023273290746707368
0.4539762805042436	0.02422457625299274
0.445751521368547	0.031839985433699106
0.4479210951237924	0.03216659587267256
0.4451991661897088	0.015116146932989365
0.4367190342999998	0.019502770344157552
0.4355979765199994	0.023313637294246917
0.42854311720801375	0.016809538768045945
0.4367285759820566	0.015063369320313215
0.43122357593623606	0.023437054506490525
0.4275757179200529	0.024891494415481722
0.4208893473361746	0.022105878667242045
0.4164887624210213	0.01915170021186563
0.4118468767096305	0.02055600545244283
0.41468005581662853	0.02290849783227045
0.412431991601616	0.014899526706744964
0.4104697493910658	0.015946586551228787
0.41721694705664447	0.0195231118225436
0.40350875987498436	0.02302270578568833
0.40278107078141867	0.01665022984790353
0.404603211237465	0.01562951879284644
0.3955442309736588	0.016697030496677
0.40752772220941014	0.014644174536833959
0.3916277970877363	0.012938102559897302
0.3844137054294658	0.02341397348134949
0.3818992587362252	0.017070661402356125
0.3888024811280669	0.02800342584550647
0.3786293577454014	0.01941062330260205
0.3785240564398534	0.03063726501844606
0.3719776959779881	0.021905394049698445
0.3727642647488473	0.02092425921769315
0.3634548738951782	0.029057462577089965
0.3549378025075812	0.013792637098637758
0.36249259770366565	0.016832916079255775
0.36415031489930016	0.01859444005164278
0.352909315420613	0.021783223888695646
0.36124860297769923	0.0195260320335001
0.36241138397574935	0.028752002508076854
0.34716188469903714	0.013203624915661788
0.34939889038553745	0.013951453013024712
0.3430700574597813	0.011645713056440096
0.34660842137915504	0.009590344809097026
0.3489187412174823	0.03082852807896425
0.3340212406416502	0.01978794660122976
0.3265607917195379	0.021808171874994918
0.34041253558853374	0.01590562017196902
0.3439894622727401	0.03037270763494966
0.3404163577509848	0.02716512356941104
0.31853085532010633	0.011706875823225152
0.32502661188775855	0.018921734470768864
0.3277329215413369	0.017000878459841565
0.3205477209002925	0.011365706051391762
0.3111087779448401	0.018721313546149882
0.33008171339169323	0.02762523168062694
0.3143809058851027	0.023640275867478543
0.30036125091686733	0.02750362783425552
0.3163796410684065	0.017802355741236488
0.3229002578841244	0.015253026615182234
0.3013455053781589	0.029004129412036502
0.3015805025445046	0.021412527905502375
0.30268026134563947	0.02611750602038602
0.30738440521996624	0.0195618538557085
0.3102153506948714	0.024056082146860402
0.31048877882670933	0.014900355794421085
0.30385026466016146	0.024822883626068375
0.29616407748288986	0.023931332091910226
0.29875222947628977	0.01602178642010684
0.284922096157809	0.022716043302104628
0.2915925670298132	0.025861146633240236
0.28676562250350285	0.008983706279846054
0.28601173859795764	0.02440288470420126
0.29453157228007965	0.0180181725173527
0.28184406533105877	0.02039586262155375
0.28184451247649045	0.021713239351121672
0.2770719079424403	0.020338748357319927
0.2713320150421017	0.018957700736372117
0.2596061415127871	0.017119324343520186
0.26430560149629806	0.028668157058033123
0.2621561324637339	0.02562155630313058
0.26842433058917725	0.026509833638359133
0.2645633014384197	0.025755424547280834
0.26373267461210426	0.031707723773100834
0.2562512802928013	0.015959930732444474
0.26030984628766857	0.03201855232721459
0.2567500581830028	0.015061854639071398
0.25160563497383387	0.017405802239708296
0.2714935535318086	0.01473192765184892
0.25051572011026846	0.013181585649716155
0.2617818332207545	0.02072748487170597
0.25083956518799627	0.022929924231425
0.2648996795998617	0.026889317427097388
0.2547705294238583	0.023457265052780958
0.24995851018723453	0.009572569181845682
0.2530671021500167	0.024094176821676708
0.2561541402802531	0.02310277423117734
0.2512856306955948	0.019209794059537575
0.2563554953183308	0.015966554859303973
0.24995803567566166	0.018778393182136803
0.24046725059146526	0.021019938265939706
0.2392924508839962	0.016609718550623494
0.23779409906289634	0.017462907707846965
0.23029226415476942	0.020907436583433577
0.22846608444727345	0.014587826050866688
0.24278688640455998	0.02574281098328604
0.22495986291117384	0.022435368515271743
0.23052842597208856	0.013931083466369485
0.23094088821031344	0.023096949020020987
0.22730639664133503	0.011983746513712458
0.22480707146265422	0.02044114342553967
0.2284926907987285	0.013577883631217468
0.23120031321825435	0.00859061803384183
0.22206962433078764	0.019701365262555077
0.21551073954412145	0.02855676697544562
0.22532056125279937	0.018255153795047708
0.22962334181581828	0.01808618297734737
0.23836968027854252	0.016197790803953307
0.21686057792547095	0.017566210714805162
0.223623383262062	0.01756796366373569
0.22383092056530574	0.018786166689440328
0.2234621863459531	0.01258081548240088
0.20702987582311874	0.019776659204790457
0.22129391334182755	0.018827674514477952
0.21252709991369362	0.027891493875723466
0.21598937791092904	0.024021607837467394
0.21820305894140918	0.017436554090600707
0.20220019896081828	0.013007061339706505
0.2103155348169631	0.02431225526643438
0.19371339971582163	0.01884726840335383
0.1992809722949163	0.016338453743304445
0.2007883687401618	0.017668148212661716
0.20651458779618587	0.020288369046258123
0.1841167021522864	0.01692465101074263
0.18382063825026718	0.03244462813411824
0.18952584083761462	0.020316839579407227
0.19718712880227446	0.027650921154525908
0.20758287420553914	0.017013847968463544
0.19634536828699084	0.019779677259173865
0.18901247594210152	0.024033121871171643
0.19115414624442847	0.022986819123944326
0.18713611870627717	0.01940474154623491
0.18730023312684627	0.02341410425106811
0.19437124593695962	0.013382886930249941
0.1797677936905366	0.01573380363043813
0.19805618760537086	0.01095106148262874
0.1912664931124664	0.023846933141623953
0.19355210521809085	0.02071808391202876
0.1878923490831914	0.01716357961176415
0.18854211356430148	0.020168508674039996
0.1911006298784437	0.02541172077280863
0.1824914723138717	0.013863947828064351
0.18116258678750943	0.015117459331788395
0.16870941234820996	0.020333642475286726
0.18310128385633118	0.027063198603099813
0.18353534114437153	0.025628856491144752
0.1820141556024085	0.01824618781449308
0.1794624462027684	0.021514542061844503
0.1759872582337376	0.020667175184415344
0.18013099245696945	0.017732074395394277
0.17983549426383116	0.01881091118837474
0.17305001952332605	0.01987731535133708
0.17006240020135988	0.02033979630431132
0.1771986714261779	0.029340827372894816
0.1732834251746151	0.02393363584980853
0.18062836948306374	0.03205058562976936
0.1803555078985557	0.016139096674267363
0.17879116435227824	0.013617936851940236
0.17196470998419483	0.021739956205739895
0.16355166915511304	0.02093942250780607
0.16042563884691136	0.017397024421104343
0.16974178181478636	0.024040797180029348
0.16719203669469654	0.011384044696424981
0.15357836577231349	0.021751875208456936
0.17077758912508129	0.02061823210618706
0.15380951049449892	0.020190481507964982
0.16309194989786197	0.012789558884644442
0.15496262856289547	0.022035119674202425
0.15378667402936094	0.031242012030991643
0.15124068391532774	0.03010118603360948
0.1482829951567631	0.017338367871657635
0.1497749160874456	0.013865574736003083
0.1615168878854837	0.029891568288231727
0.14849020328960857	0.027973941123738414
0.1481965375424822	0.01807020043898566
0.14855628882550193	0.015098048856465273
0.15022657924724225	0.02222162502839396
0.13459656805716738	0.015959251955059407
0.14109680182243467	0.02778095277985361
0.14643077555123182	0.017609506225211458
0.15288398438625223	0.011592106999552352
0.15256862754849446	0.026073097477866795
0.13945638667068322	0.018991566330606963
0.14245317619866138	0.013404271530645264
0.15508245628380773	0.014817266879068957
0.1403830535069747	0.025658681096829675
0.14456045774871185	0.02059114914643334
0.14927930019732408	0.017466267185254958
0.1434089353192718	0.019886692279215686
0.14622340004313122	0.01844440276103421
0.14097632321306272	0.014146985783024636
0.1307814866884522	0.011475007160554112
0.14471223634486838	0.024164038390071866
0.12235251796179739	0.01699570289298438
0.13125573245408934	0.013271195095200302
0.13655897154511515	0.013014439864959504
0.13260526698564384	0.024164074024229876
0.14555262988671966	0.03342088322794143
0.13802046301212503	0.022057985635494666
0.13046432826630414	0.011071075138205716
0.14037026773665665	0.021771320711491567
0.14573224206248578	0.022321270641213444
0.13614996482997999	0.023191448921275358
0.11831198501025604	0.019904252130374406
0.13344823610226203	0.024039800579477598
0.12715777771114062	0.019520626476100724
0.1154357818022244	0.01811722862471733
0.12121006558917187	0.02567006288558522
0.126844338337767	0.02452779853725665
0.13492087692772772	0.01164374335683055
0.1338160866168898	0.019681710829039713
0.13122199008339291	0.021412326704050546
0.11229128599743747	0.027773311537985512
0.11303925981705595	0.027795480770711162
0.11242203211694635	0.02161732785714416
0.12229187289452362	0.022072725753897193
0.12423643773972648	0.02489199181472255
0.12684092313732645	0.02182811976234151
0.11226305499161109	0.016060303674509713
0.11807245815310345	0.02148417331673704
0.11857826197434314	0.020721511307457877
0.11034025794566785	0.01965592968570109
0.09824732045265631	0.017614910556767956
0.10895748233670544	0.023250681833194602
0.10584676751059788	0.024594049013479797
0.10769178003402917	0.02268437197661431
0.11270232258724182	0.020482491326323776
0.11728925104515894	0.024966246482793088
0.1094817410117918	0.03077183567681717
0.11652220014305267	0.020129766162281404
0.11640177061917048	0.017911287920835798
0.10596772915622561	0.025617398140603962
0.10611969881754277	0.020139787358605703
0.11595936037001257	0.01718946761675862
0.11200430832462678	0.019395397543154072
0.1057473737868597	0.022902316487722264
0.10716640975649257	0.02276293675064795
0.10880103626882842	0.019973719357026326
0.10822768626041639	0.02167612481062979
0.11418596110476376	0.016227437631501102
0.11173477155659303	0.012469126563213462
0.10335583042707322	0.023236817687665407
0.11499253058659568	0.017335361063314954
0.10388421807280376	0.017802206521472644
0.1102947162556106	0.012320046391736022
0.10668722991796606	0.01662342660928781
0.09413148130830132	0.02468414379739022
0.10487492495202537	0.019160662451099538
0.09306119691588487	0.018817276348249812
0.09773095597397083	0.018659078764218903
0.10689674219503575	0.013198405524106305
0.1195593775387865	0.014836599771486004
0.1074308679353407	0.02057326498902437
0.11187216389503836	0.019305928357509692
0.09560656275390156	0.01227022891713569
0.10116538107952062	0.019540855076340524
0.09026005257918805	0.022947985352335255
0.0943663762552903	0.03147992295056579
0.09019600917069351	0.019882869933292253
0.0873953337131812	0.019887610903025023
0.0977929884369056	0.02257746560511789
0.10002663604295747	0.016730489176870474
0.10300780717022213	0.01620381017145966
0.10142562216340074	0.022405062680622017
0.09852641459642719	0.015775415143131445
0.09851482688055381	0.0229492725249346
0.09600307062340024	0.023028779600452694
0.10825306009044817	0.011943781465798678
0.09189375773761893	0.016095373080329288
0.08915384994852539	0.016971544281937104
0.08623304297608435	0.010510646325274025
0.08672805821048281	0.016638842613520596
0.09542876513913075	0.021300311468030565
0.08345400301282634	0.027993037450344937
0.08830186416947186	0.027332103106144656
0.09040448534673949	0.028883461058441688
0.09449322464685177	0.01875047320065636
0.09677416185477546	0.02789979157788651
0.08479565744156	0.02291038786559596
0.08582019367350995	0.0157577393397177
0.06907677020917709	0.01601486052207195
0.07873180059278206	0.01633347761318582
0.07940737409519173	0.02119940485584835
0.07930128365592891	0.018531867295073765
0.08642702471889935	0.02292022707056049
0.08365328556246124	0.014090377929635908
0.07517879070059938	0.019764738034330535
0.086499435793482	0.018141143489476604
0.09785353425812172	0.022403762089424354
0.0908645040929375	0.012482701906885049
0.0829429233241695	0.024990729212249294
0.09209710245772787	0.017847720327348177
0.09127721746556942	0.02599780931447367
0.0829762871719963	0.019552116007350157
0.07590818342332707	0.021753638100580626
0.07236760203664636	0.03064300197853093
0.0850574273270562	0.022546457526946218
0.08075066057037246	0.01887133448730137
0.07363918040859177	0.017479762848195732
0.0682936014773364	0.017783607783537474
0.06355569018435026	0.020661722682016537
0.07430981731700212	0.01624292133028186
0.06551975228939513	0.02107035340145075
0.078568476409698	0.02131151062404065
0.0708120327307594	0.022645828124726146
0.07744605317172847	0.016923065959351776
0.07207584136356374	0.025754767407440766
0.08110328096758891	0.02317504848069894
0.07599263092422529	0.014523299193716145
0.08565073243308403	0.01764048358160812
0.07037598145959682	0.028207466922836356
0.07992286756616247	0.015696367927182025
0.08235292399452816	0.012092825608173673
0.066827111950283	0.018786706364185893
0.07018523244884986	0.025289136932946963
0.06556836589392866	0.016669472031005154
0.07494642902191426	0.020511236621735426
0.07179341296577565	0.02455712317777591
0.06949350668167141	0.026748462022016122
0.06599550685797591	0.02091639652220215
0.07221982546214788	0.020972259176201078
0.06156901691624302	0.02435245905166063
0.07371421704408283	0.023789136280666947
0.07356881760145668	0.01968767609715658
0.06902818520603266	0.019598511921856396
0.07949908081281039	0.01655831304397063
0.06945231970862203	0.03777155240411849
0.07127459476377083	0.024581090564634044
0.07008673814700422	0.029218272927282987
0.067820626780612	0.01511565187435028
0.06522139542869472	0.018581864646291586
0.058904552944304946	0.015787808443079074
0.07505706574417867	0.01654875159126438
0.06658884974672055	0.015154320882637209
0.06624121759248391	0.028601002775548032
0.0623892556549611	0.02035235867062354
0.06367145278927518	0.028006161219615102
0.07509790093043933	0.021632518844820734
0.06663279103760686	0.02257132776318971
0.06312502900618697	0.017549263276191523
0.06096123586657275	0.031270999024247556
0.06013064595100065	0.02389021167479449
0.055865737535465906	0.01588684572940223
0.05409242052758047	0.020251208946166912
0.062178648362633426	0.019799310228526937
0.06324071789434896	0.01831905585039822
0.05870288050791964	0.022130862715087973
0.04704703664587053	0.02103136504408349
0.06134426784974238	0.028983404968239892
0.07006191671781578	0.020055376358897273
0.05987330748246054	0.0252054574554946
0.056313771206183375	0.02381683487255655
0.05927840187126092	0.01468097787850432
0.06515872141201812	0.013327513797076898
0.06311829160857377	0.0201360147497489
0.06606273233603069	0.021271571755334534
0.05258935994124973	0.011304656508792794
0.04580289886995288	0.01794440568719885
0.05456066850579226	0.019579434462704774
0.06358363515606777	0.020517590440240978
0.05584245198244666	0.02222228902921276
0.053981181697485135	0.02728735971352786
0.0657637437024614	0.026759835423353497
0.07125463561466909	0.024651662088639795
0.06344422630997473	0.016956560914033136
0.05515538896894105	0.02157969108653798
0.05660314860508936	0.021709715873275415
0.05115647587412795	0.024523451311772897
0.04747690301943722	0.020242219153828952
0.06101448540300621	0.020188928381642043
0.049418784228533776	0.01815390461019102
0.04422163771697466	0.01897530232068807
0.05598368828704213	0.022512723988433514
0.05934078206233714	0.02070819440477704
0.060177761510539496	0.02464602107677147
0.061245158315432494	0.026192227776994568
0.05273720893020636	0.01930136953014848
0.059973790173348696	0.029688556891338532
0.04846273951954569	0.021499174181987168
0.050065581263007176	0.015074557147694605
0.05416269096883599	0.028954136949649812
0.04319091936546886	0.016926857536153903
0.05602585190725863	0.01811157547089831
0.050692054205754455	0.02109057010025584
0.06507260360747442	0.024412752698874225
0.0604849037853869	0.02183369124604112
0.049572138339444884	0.010465768969558604
0.05584387470270654	0.021998001472119322
0.05920125432505111	0.018383995209486498
0.05727886061918154	0.018775425938724735
0.05711180862230292	0.01142639346163183
0.05458683777811627	0.0207094658283063
0.06402133053925393	0.022374613801468154
0.05736013782093017	0.020400875916167346
0.042685967704998544	0.014339168518066428
0.042332583632160706	0.020871914292513144
0.049784702589547175	0.022949515911407627
0.050744617060419404	0.02254802252861617
0.057128345191353014	0.03334475708571842
0.04600607595985669	0.01861916933092937
0.03134152350146898	0.014042984210383299
0.037640521647266424	0.025944778663405728
0.03371185608522459	0.019173928405029784
0.04533284181848766	0.016570650476251024
0.04571934202617585	0.022972069516287913
0.046152131873538296	0.023424973666095073
0.04371580224954873	0.02245446480287054
0.05081956905133591	0.015382189109123609
0.03944268515912567	0.023664567211606598
0.05140542524819828	0.02019253501631194
0.04635752076106152	0.01580801056267183
0.05202431140368104	0.015551841160889358
0.043366814970995406	0.022668823839088095
0.04979019572894881	0.014799857790189051
0.03603929744622667	0.013760198173713286
0.038092240637569594	0.015453501383952992
0.03948231142175048	0.020792584535643175
0.044050424919973165	0.020230968863531654
0.044099416023657516	0.019012191658452932
0.051095371815894644	0.01994758139837503
0.05222088909431388	0.021990181324982847
0.04481476114579501	0.029908582157448457
0.0415685653728628	0.0219861868313073
0.033100541618233455	0.021187534603025984
0.03910140518077158	0.017803877082978
0.04398939812249587	0.015232243279062287
0.03545490378254053	0.00758212330042862
0.04759080895968661	0.018893452383708226
0.04786865444566353	0.029205562162503765
0.03225305543333277	0.020742086230118816
0.047705286512751174	0.020213535487562415
0.04914232034338407	0.02450527619849226
0.04212292144335069	0.012742874447907365
0.04743959174266391	0.018101104669207065
0.03888252216451661	0.019869829447381894
0.03863949457139419	0.007137865738473763
0.037646817348273964	0.0178675285269763
0.03984632112961903	0.029115086985577028
0.04301765800381804	0.014605486842750546
0.03855367344150863	0.015173523013457037
0.05195512972428815	0.013303887240862075
0.04533231828168024	0.024231347182597517
0.04520294839036448	0.020126512725758203
0.03891737294357277	0.028111099918880795
0.04623271785136471	0.018563412653764707
0.036952662213815615	0.014544769575624365
0.042721636296468725	0.016569710657159224
0.04655942653258039	0.011866178869994751
0.038407376614212486	0.024665699859511704
0.04241793858529286	0.015860552608565913
0.04739292304067363	0.01203028752902913
0.04535691897720464	0.026405449818062542
0.020929227683093028	0.02266098798846915
0.023287146810164833	0.01926595013751822
0.02691357489137621	0.02447447655331164
0.039145226393269984	0.015793069889905136
0.025769143281694145	0.02525497555171884
0.044921648783327904	0.024857197691855303
0.047312640464764986	0.019729553697705567
0.035266992435301195	0.011202569635685835
0.03267567674887106	0.02190809730198945
0.018210130359146648	0.011269661210594027
0.03997226599826152	0.020023127696236306
0.033730799929555376	0.020177034697351524
0.04215315224642738	0.014833273263304577
0.03821126184363623	0.027850018619089003
0.039531412304928515	0.020770612344392415
0.028323702459185918	0.0176970865222517
0.028729057500888732	0.01585167926301768
0.031509902126927794	0.02368011885221974
0.02994394423529236	0.013704649680946084
0.043205870143619825	0.018874265119849062
0.05111276975302646	0.008278834099054137
0.03839104217193101	0.017909574859606717
0.035315242223867935	0.014201107101302936
0.029118575173140353	0.020773778491255626
0.02619441895869189	0.024715983734410737
0.030822005334976022	0.01181823017857462
0.029308827435402113	0.02173736901482767
0.03746014018011365	0.02405868900405566
0.04506381693232299	0.016474766846240406
0.026749172908881114	0.012420090284968852
0.03891833408795349	0.028964678355084216
0.030584835863508287	0.020647137178391926
0.029285719343706208	0.018335312791687118
0.03685471841888572	0.02308939071333973
0.037999985472167194	0.02124634579239727
0.021670211987223537	0.024685395235989935
0.028613519343817072	0.018358109252029898
0.038418718945690204	0.015807248373029444
0.033137862041612606	0.019351407374674494
0.03573936650919055	0.01274517797382264
0.030297245984018478	0.017421354321494647
0.029380946582154583	0.02445635173856466
0.029666215627891547	0.017585230815693253
0.02833396196845675	0.025342440684212306
0.03329161225090731	0.025279529732917076
0.027446438357965564	0.016413756733234156
0.03712254341344266	0.0214837937181918
0.019280474706640943	0.021224543108178985
0.03418185068411099	0.01649771135573453
0.021884281554248423	0.023306469445601673
0.023078887403486365	0.01799105393928248
0.028521629784184988	0.022185043676758255
0.030869188612887087	0.016983126292084226
0.02923958508666651	0.01781122804753697
0.02929810980368066	0.025666183345422942
0.009816201345534877	0.02281033383870039
0.024694894870512418	0.01656666277390283
0.024142271316656923	0.02703172242238845
0.03672341976503039	0.017339226842145585
0.0217339688205055	0.019740865744807302
0.01780246623217422	0.020615520775988157
0.018771326529849513	0.02331067798204799
0.02876696424323566	0.01588286109754483
0.022418261050401175	0.012110817446890666
0.02474501459088716	0.02265675667244057
0.027131874754775097	0.02245644347547823
0.017852010238465034	0.01981806014814003
0.018606381173062476	0.029062221451984855
0.019137547093294627	0.018387024832511898
0.034286773058722846	0.02604874347516146
0.03269811920088543	0.017931828211007646
0.03422328071239032	0.013676578466222868
0.03028285313776787	0.029518515833634056
0.0349261727758776	0.014857511553053588
0.026099652043014832	0.014575102524097262
0.029966948316563137	0.017523726186398393
0.04309503855500478	0.0158904709677994
0.03490490626787355	0.024861527878356052
0.02108131383926418	0.025781777837590208
0.022842170507799197	0.020753575868509327
0.020727894613248896	0.020551867853353292
0.01802878400356612	0.017533324044465556
0.03178917053571999	0.02263317134363704
0.02055900096368693	0.017949324211739635
0.02411778729086736	0.01887610834894801
0.025326580726171666	0.023185923643448188
0.03170824598798922	0.019837929238659076
0.032404326517374946	0.015300693857678878
0.03512002880083697	0.01809391657914826
0.028599661830503508	0.021026347245196947
0.023010258028231576	0.0150218222998144
0.03224473020488313	0.023649221228832694
0.021000914037148256	0.010456387241010478
0.02579055015749161	0.013788884122126446
0.020345663222068495	0.020777752150092928
0.011526933326823557	0.01583760861657266
0.03513142306184234	0.022954543385087952
0.029371747481833594	0.014845295286556343
0.015891597228369223	0.0284025536917024
0.012516662720777602	0.015674517661304073
0.009320812930969855	0.019616870267418318
0.025483150507788127	0.016117810110921844
0.026228454087389063	0.02464533890219159
0.028226646153588504	0.014024431725506846
0.022563644634539415	0.020186049556898244
0.010942595611885896	0.020574201643942653
0.008580581706917282	0.013862116995953487
0.01551641194327232	0.019799140964682074
0.020435628505341384	0.021607983602278995
0.023332610626991983	0.01492763649028818
0.022410214737984754	0.01930045311519803
0.02143413288295528	0.020655845797723858
0.009761405428010794	0.013935282596062259
0.01611508711283416	0.018514678938318232
0.015975298046162757	0.01598764958780156
0.02590181688837851	0.02601624888188307
0.019053640688846706	0.014372356942714302
0.035620054797049716	0.01705943277463053
0.02215199645713056	0.012645377697879177
0.033977423186493015	0.02300053449633913
0.032108030967029334	0.022007486182683375
0.02193794551813543	0.022673749881849618
0.023441417236282926	0.02463625532352339
0.03086936722324705	0.014463360424897938
0.03440119181576828	0.019519262118685616
0.025769915484396676	0.017481038078480737
0.02042867617709332	0.02101633820876611
0.025397047548226553	0.014500140805521727
0.03187963520721406	0.015628034597484186
0.028636478535951783	0.01940969509660042
0.02572427120914588	0.011288020488441875
0.018322774912898954	0.016256915174707752
0.02247706896985302	0.015735269158555342
0.01958981124780495	0.0262439167555516
0.009128468493849053	0.01867787545555453
0.016069776594077538	0.023889934082220267
0.013739636666663998	0.018027439933383353
0.020555502838735296	0.017102210414293884
0.014086226060912074	0.012059423338282122
0.013168630458582502	0.02213153166810022
0.021765886741889635	0.013188294049488939
0.02470331045270486	0.021728626728350502
0.02258123782392969	0.020206844020695894
0.024506615483667418	0.027053875883755657
0.020069025387113058	0.016234892306920764
0.01893852030288493	0.021821236907504246
0.031695960898793826	0.024040782544626348
0.02175648245261498	0.020901936708111704
0.013987117608203625	0.02237438251892589
0.020398317708004064	0.014707829197985533
0.02103523084437572	0.02036950368084027
0.022637968239779104	0.015331970165418094
0.023284315842465517	0.019841286779273642
0.022019425980569378	0.018878362454313187
0.018075756038717063	0.01694879516779522
0.015628506832686115	0.020648812188834575
0.005748042992181436	0.015852154225084958
0.015974665207941906	0.017659120905177225
0.01983177339057056	0.027486352918962263
0.0163801005122889	0.012966311487095795
0.02044772755043774	0.02417487324052968
0.018604883380697813	0.024827279965322024
0.014120962728831723	0.02223300774841606
0.005555548934588007	0.018663099781438496
0.010425240422091656	0.021986518712929472
0.021212601817439107	0.020701869766837987
0.015433112224819601	0.02218369016769053
0.01625069065643378	0.023906481689100114
0.0161757502380157	0.01366089443185814
0.024681053304812718	0.01817576764108393
0.016172063344164912	0.02928206396290009
0.015469461964346596	0.013475243795027588
0.015042489160105577	0.016393245700017572
0.022921588400771933	0.024714811733742948
0.024287329617033265	0.016970405795533154
0.018447857126456406	0.0139255598630585
0.02696212669004286	0.02271648529745526
0.010653813962454298	0.020425485696067964
0.014205966914040663	0.02142333773040692
0.020556962321465522	0.011043802028267649
0.022350137211258652	0.02272492030050252
0.029052677238061975	0.02471975956618829
0.02655332094690805	0.029644583001366815
0.028377056929086698	0.04018021190886443
0.01726407526055879	0.025096001962085134
0.028653612697755293	0.02023265232836172
0.02368171987511431	0.019271944251874888
0.01747473727090843	0.03108312383029868
0.016720825691943136	0.02439633279684712
0.025898898444409235	0.016413019284473047
0.021694714065066227	0.022466540584933685
0.025373958132298025	0.025041720228143334
0.016739977784678377	0.02555615878497535
0.018969541546428416	0.019210977524098678
0.022966751304003854	0.02102207857474623
0.023004805388018724	0.02120517332940556
0.021107334276354958	0.015409506245129243
0.013819837684406746	0.020651798349449108
0.017257147685062327	0.02281570005969271
0.01991893520016985	0.023944750630990417
0.012175488914178238	0.01839250496009334
0.015540005217450654	0.017863440335810676
0.01637550317385396	0.025530879821522457
0.01423483087457685	0.020974051776514
0.010779275407373135	0.016767610502662726
0.014327864639115128	0.015215963091441196
0.0267427967690697	0.01760577135955516
0.027381155687621193	0.02173981788301359
0.017798293038921092	0.0179917852112113
0.00812066670634072	0.019391928458890168
0.019608390095929823	0.02140011230910809
0.013016270869330382	0.01549840731058158
0.008868869376718628	0.018368362318750633
0.017743092872100675	0.01724502809221612
0.015509996764468088	0.015000213088754369
0.00982065600885515	0.01441056911331933
0.005453877567580795	0.016902861705328943
0.011253189427311062	0.02168506543354232
0.005375066133481011	0.02405017118592184
0.004437115426785488	0.01696304313265433
0.013521923754369128	0.0286335876940277
0.010572988529318395	0.02160535278922782
0.013801450243376373	0.02569729026426164
0.00929591955603133	0.020486232085645654
0.019248170992008262	0.01942808930123807
0.02050461025026961	0.021566245749246447
0.009151363896116328	0.014876407547592481
0.015355989500963452	0.019234547100091672
0.01720310644031455	0.02408013563629497
0.01275629696417164	0.023729609699198323
7.68508460675969e-05	0.015285164729555836
0.012190127891747723	0.019400323610498652
0.00939263325347874	0.015537778233631843
0.011508083116038365	0.023872902152456913
0.016606654330761327	0.026091723701441
0.002544150015556583	0.019309737278077856
0.0006398569061102044	0.03127457541272119
0.000786475237758939	0.01516172958610512
0.01401736027251636	0.024311508016237465
0.004107236161158408	0.02349777445872244
0.01443471029035905	0.03228833519849873
0.018347946893681286	0.029489597320632537
0.01756560360326606	0.023685866855856018
0.014978710147832669	0.023734139920765434
0.01109755426366531	0.021698769095661985
0.013778339319096463	0.020459804943882838
0.007564685349811744	0.01702877193609511
0.0015363882671637786	0.023599135342460036
0.0015132329533383026	0.02559585465116777
0.01053206142960916	0.023809095344671457
0.0031008752676523754	0.02231775704966316
0.020973306729504006	0.028739585230264222
0.009432102159497224	0.028689461064472253
0.011808213252674732	0.02206994552158541
0.00984234341082821	0.020590582038932156
0.0034370999634370527	0.023732416615075188
0.0083953484982239	0.021801115632839655
0.012379186191724508	0.01908550221556393
0.013736774747661837	0.015486567134945695
0.002827305133689994	0.017685766368874076
0.016408989219521115	0.023898891034668086
0.006557597162992002	0.02608863084966388
0.014404210223963699	0.025241898639730493
0.00424442774434904	0.024559880460860207
0.013252752965227776	0.02007505687906338
0.011632712950883882	0.01388872184387787
0.014382420865642972	0.014460350216818137
-0.0011236132778707044	0.020453909051274078
0.008531872253741735	0.021388963455443576
0.003999930985067292	0.020372326470760697
0.012764095670261735	0.01661882187323607
0.012792855852753702	0.02221464811862699
0.010111081334672959	0.025890419988253078
0.012455154310580387	0.008543949581742183
0.006727684999154851	0.016414301662626272
0.002235007600552153	0.027412992410877347
0.004905208627782201	0.018475954281642913
0.023650634480138398	0.02445617466177298
0.012865100177158145	0.02277129307676774
0.006613232472002478	0.0243934167075527
0.011301363306374443	0.028498110584406048
0.0169528112382099	0.017838665447999516
0.015639135119838006	0.021483879250748423
0.003017477567663824	0.019312192967080716
0.018357026228829655	0.015225528783693994
0.014869943617557673	0.023361993598065376
0.004112519853026538	0.01961889097522413
0.007446731201176895	0.008666062703178752
0.010311567413769814	0.024113536662662572
0.019203658745939343	0.018250347756495703
0.019612240130510425	0.02004249163420562
0.020779432371699675	0.021786086246519173
0.022169947206903132	0.019513900930623176
0.013584848911216474	0.02178409022440132
0.0034160126106325037	0.026155506455844676
0.009759269796983376	0.023596243614784174
0.0003350203898293706	0.023879001263928428
0.00540533386988577	0.018730697064575464
0.0079147629001478	0.025173305777260305
0.001529888108034819	0.020505069685485655
0.013953692864122375	0.010510028508195643
0.0016939235158666226	0.0332143326433017
0.0022927615622404156	0.017930044799362343
0.016729893919454408	0.020193768892073617
0.011507303911877232	0.02214375536063771
0.012684204196866066	0.010655970381658136
0.008597205469923644	0.022084851341895
0.014584033838686564	0.02473910627169655
0.015299197032452522	0.019197953516362443
0.006462152793946895	0.030748065692750275
0.005629978999458724	0.020213517956279913
0.017767559895882995	0.017664077814752745
0.01172637817741588	0.019645099681634734
0.017995901892870144	0.020955504283164228
0.0002466568729438632	0.018169978801715805
0.017794610822281308	0.01931406029522455
0.015185705825220632	0.015241531658931076
0.00893829225906891	0.025662293020364546
0.0001628305746459523	0.017214585701521366
0.0128475095304371	0.020163910611376148
0.015007883313894166	0.021407183184898412
0.011485680603517717	0.016108835607942427
0.01227991613709103	0.017136827277659177
0.016924846763069275	0.025754955667537063
0.018631764217353124	0.02390483235202492
0.012274094438564927	0.0171042797875823
0.007742308833203905	0.01597597445463564
0.002177131785533725	0.014506029220697462
0.004974583322861893	0.016224367938236457
0.015842725952137475	0.017944625315106186
0.007991233819364117	0.02691929808625483
0.007111722001254725	0.03724286542617875
0.005695095105711645	0.018169073828371986
0.009675470468598494	0.02141751572184851
0.022421195133566548	0.013982952606883587
0.008242312545930025	0.01314808202878417
0.0050342200727927	0.01599426449225632
0.012822135116430378	0.015127663677870684
-0.001771209360206014	0.017287177792272252
0.010037951181867169	0.02326500123975843
0.0126057982902364	0.028758202154769923
0.02362212564267443	0.017444512450010864
0.013610006616984383	0.021291814963486925
0.02595141894329851	0.01878660838055583
0.013014710212417522	0.021801231641643277
0.014367355527469173	0.027157310653573363
0.006144361452523414	0.01584291131619782
0.01588551126237709	0.02170011959113764
0.018106499958148902	0.033507618922039406
0.01902509871755067	0.021699870669159977
0.018595656023456114	0.015008760918624743
0.0161242485915322	0.015803627086120816
0.003044658322978511	0.023610536587189743
0.015399991742162689	0.023926520812151065
0.012044636368681314	0.019623389824589034
0.008199078154478793	0.016641638529510783
0.011496970426905681	0.008699410838811941
0.005522196745861853	0.02104085367783534
0.005057786855360886	0.01871173001839586
0.011852274941449971	0.028202345750247094
0.01188057577673657	0.01666657376304532
0.017193828536247745	0.022311443573861712
0.010066099580283042	0.016985039169786813
0.01824686782834622	0.020303301478644363
0.011029021574659747	0.020733959893126624
0.00989217164823642	0.01843628222543431
0.011887471116959274	0.032079471013253175
0.022718531616179604	0.01812496907639618
0.02080779981316379	0.02337744247263557
0.007969854729580653	0.02693582937267289
0.02024209768330089	0.01879478211482483
0.012860769803234357	0.01933697747490313
0.011589939936484007	0.010909173034252177
0.008879694224901083	0.020415553731090656
0.0138925623683367	0.02587102130185326
0.00824076530248245	0.014831326434319668
0.005996574865717695	0.023385170678808607
0.010431530800127712	0.019379135115337544
0.0075055509969133944	0.023166813538227263
0.003695818209737563	0.02606104392492224
0.005542571639598948	0.026161320694070275
0.007932409777765591	0.017928877253187155
0.015375283851904514	0.021374334393868225
0.01667647722068201	0.021114622133551832
0.015785593820158397	0.023540983600877415
0.014702572240950725	0.028888138696010205
0.013955234038804018	0.02457812652759957
0.01469672040274932	0.02398716236205624
0.007363879962153074	0.02187232247590142
0.016217489728157806	0.0188114431800517
0.01095306626298281	0.02489443777359227
0.007667586150902787	0.018880881128092143
0.01572032471919529	0.016645090078546164
0.010900318492919768	0.018481190901321838
0.00982427249262682	0.013574072309665786
0.0021794216863179937	0.016252451678374177
0.012920107220065596	0.020456301209170025
0.0067291214949219014	0.018366167376075576
0.00862856853377693	0.01994754545887179
0.004115626664245742	0.020592483365519384
0.009570627596045328	0.0230738670844034
0.011964294715809027	0.015013251927809203
0.011465639503308957	0.013230315098096612
-0.0033672760654156245	0.014213624765482843
0.011063537535128608	0.026035526869287052
0.013148635986982817	0.012423387032475594
0.018937796515658755	0.02536636283777289
0.00044316365890627633	0.028406059904086872
0.010516971155439606	0.0188591394440517
0.019123925621594987	0.022013009200033847
0.01918263276893694	0.0183151301697623
-0.002649797364165391	0.018116691280869235
0.0012319920924857939	0.012923729773525605
0.008497987599238766	0.02592078170867699
0.010744202245294439	0.01479720107538441
0.002137218081603413	0.02160287313822043
0.010632785785769856	0.020238227914778785
3.651360878318393e-05	0.022038631823894216
-0.001607256346203629	0.02130855640150162
0.0010961920880085915	0.02218467650920726
0.006756709889147175	0.019139546740688504
0.005289086540671807	0.021219159227379852
0.00826994332671497	0.024242506498623282
-0.0036266178353870334	0.01530914269846298
0.0004602703855307134	0.02322370206640089
0.004907606280333565	0.017327666260164385
0.009841113552301765	0.014625398571173153
0.0040265783221263615	0.0214224324327602
-0.0023995344622548278	0.020235921507246627
0.003005715964493443	0.015709012570949154
0.0029710305737818553	0.023314769252223342
0.0035367941174088468	0.014649272901707354
0.00730782989393301	0.01830088711171867
0.008428257203048451	0.012821670730092438
0.00473424539465153	0.022622850915058817
0.011457174900280698	0.01912505224970262
0.013510595131849731	0.010501021879609506
-0.005684033553394545	0.013420480416477622
0.007847080147451108	0.010706277795196579
0.015527511544127865	0.015403416695377018
0.0037404344545951783	0.013786195220990251
0.012085990527920388	0.01654675150510171
0.0034267274669787613	0.020460333641854806
0.007930766437523561	0.017951686389706747
0.010634556838156825	0.020549366141462428
0.015984389627724263	0.012929822357305672
0.008303568015163418	0.0173350206360287
0.002191381261775339	0.02085162256972115
-0.0007438199311944284	0.015416631595199288
-0.005144827197456929	0.026586349439205736
-0.0026452582120484727	0.02468931389356145
0.0005424274906177078	0.027951508154807056
-0.0003539879428265176	0.029354289739673623
0.0034399861291310326	0.022331947886023554
0.0020243545609684777	0.02749440717839805
0.0021982198038151156	0.022508114142494127
-0.0004047318333770467	0.017908644720535567
0.003859902367017468	0.022803752601607746
-0.009174993400938521	0.014372425030467376
0.0023315555198139453	0.022712323243298554
-0.0013033091539938432	0.03187435982564582
-0.006208387698232073	0.023199735509061032
-0.00242767913446454	0.025155491480073677
0.004208387035469656	0.023955477857730518
0.022170251040924172	0.018367443183636922
0.006270907908588083	0.023561439551155413
0.004608135816359087	0.030934430434519884
0.000395511245796138	0.021500500940995215
-0.0003084092737190744	0.018336511962055803
-0.007661407959208546	0.01988071002521219
-0.009375029701219565	0.011590545147425527
-0.0012737858657732868	0.016862016602975646
0.015722951434980002	0.021457399492368027
0.007019517922615312	0.021930438319096957
0.006373144228155968	0.01602375313063617
0.009233473084029175	0.017586878967255345
0.005265860052301863	0.019306690217738898
0.007705982297740879	0.024187079476255896
0.012670419900458299	0.012276705377948442
0.00945288802964019	0.030917147356171033
0.00415953863165734	0.027111619175215984
0.002490660491575774	0.028953848866389006
0.006112665149858785	0.016460672545217544
0.007828944167226081	0.025956678351470187
0.00527146782199832	0.01700946492235731
0.01034723155657444	0.019244859209266506
0.006334216711358948	0.022654937363610992
0.01053409818058706	0.01670367073691353
0.0026505995854402237	0.017866035984805642
-0.00904688506675507	0.022827837407912638
0.0038177756438110347	0.01985789773389208
-0.0011585232093288087	0.0231057179328521
-0.002308695531153395	0.017903009378139413
0.011873487141560432	0.028654593550540928
0.010443434372895088	0.012675081998432145
-0.006738594542518866	0.027082646750730938
-0.005092611969782177	0.024248301288816682
0.02084226694612988	0.01844416465505629
0.003812047570509938	0.01728447900645748
0.025506768140387066	0.02032033663462245
0.005074632331663017	0.016120618184461893
0.0016017414197003767	0.018102207514688013
-0.002662702389614433	0.019137419432145607
0.01709072890061697	0.020901313895422047
0.004137080533283731	0.022268477702155568
0.01659490030303907	0.014964015564979156
0.0017384095906603446	0.024265899465410534
0.005063190550227836	0.020377812406452627
-0.0019165200356140526	0.024331467648860686
0.0019711419672893515	0.02180473279890487
-0.004217110076007601	0.02015746961248132
0.012287516207332982	0.022697369458282754
-0.010607365165193252	0.02539110270815711
0.001919774190644119	0.02570696000163092
0.012050605862999606	0.030824424765380585
0.006054373046496073	0.021718514973863037
0.0038042104370271447	0.02841397163924679
0.0006013754631760189	0.02250131638153646
0.012941642062389722	0.02746035004722491
0.008671243020747173	0.021132248775286123
0.0038314442137075315	0.019850426690762975
0.0136639862126099	0.019708137467196157
0.009903227198502899	0.019622416962899566
-0.0005082170804808335	0.02544034504704564
-0.0018250172804540848	0.018464875770327766
-0.005288858835472776	0.02486633670598414
-0.0025727815711115215	0.01799716280027674
0.007460066013871293	0.02334034660656477
0.006345305354598695	0.02041004299853682
0.0029302158630236984	0.026238629502549137
-0.0036104068239668557	0.02039604344458715
0.006392706623178801	0.025490076656876394
-0.0021997269956364135	0.019473338123238995
0.00405511529738931	0.021885212532547018
0.008638261279747103	0.030957671032922494
0.0036206212646498802	0.0242325368276499
0.0033139469288623984	0.020257746429528507
0.013318343541866015	0.02013738000590057
0.00044696625615505537	0.019784281194565358
0.000567487782080076	0.022015295599518106
0.00134871594781011	0.016966836559783757
-0.0023218004198591715	0.018627047012085642
0.011777103242373538	0.010606987300989284
0.0027028577812724854	0.023414405309721536
0.006258837974271725	0.016772514319361664
0.005073421091738004	0.014892825596549577
0.0019594630421958074	0.016094491766756043
-0.0036797893098798004	0.02487985538862688
-0.002809239089986818	0.014323620372627589
0.01249407930903762	0.021384534355710486
0.006410764012328357	0.018365559098041318
0.007632783927754287	0.02290306443450684
-0.002558161586211162	0.024352275009397458
0.011066607130337356	0.012779938710326484
0.011341727593464631	0.01870337845033743
-0.002887239195059805	0.02203664887899958
0.0006160310191024802	0.014773252060421278
0.008855996396428764	0.020296681003934905
0.0015936200980268943	0.022175618401132895
0.012500720875418153	0.02028715074935786
0.005211880796191143	0.01485164114580602
0.016906650454134486	0.019047864967262407
-0.0046248534144288965	0.010023700119974966
0.010624798707634709	0.027385134998880487
0.0009444883757124307	0.01495477655476678
0.015741216081806342	0.023700715244103686
0.0024970517965782284	0.02887396252839679
0.01570219332080227	0.01737617783946495
0.016867407333848405	0.024490298117027375
0.004003058037738916	0.01141140680626946
-0.005060981983521322	0.021042504963578266
0.009744224351412308	0.018529990024649685
0.0017068181119421454	0.01479828035184858
-0.0019541406958151417	0.02293080800713138
0.005706187482639807	0.026418270831395627
0.005568072220722584	0.015013805794125736
0.014425473836071217	0.014920100749005037
-0.0007610192900357938	0.012330998774211397
0.010716612223472189	0.012242278898923795
0.00840793453065482	0.022633999193591586
0.008562390182645391	0.025658413664265994
0.01613467624203869	0.016938239128292492
0.028961476840010436	0.016860538558748285
0.01325732492337027	0.013239974148844572
0.010567256154132846	0.02375618088640906
0.01674315432960045	0.017100342826093948
0.014965829181984613	0.018114784691700143
0.019045718765539864	0.022850011028418223
0.009956462201726465	0.024227482295487376
0.016978328389373583	0.016514805902676954
0.0013687730853595016	0.01768683486674595
-0.001578156854122708	0.011663831648953345
0.005968218176513222	0.008978822808598491
0.007514894580394367	0.018773293228766388
0.0011383476719460473	0.014252168437062512
-0.0016129260465426478	0.02065812679013082
0.009782654518150382	0.014430917993894617
0.019287161550207276	0.01927020030005824
0.011397678389491411	0.029636554354908903
0.014649275011534232	0.016067496178107956
-0.0013345799665902768	0.025674902991325296
0.007350705939777283	0.021416301481937718
-9.945876495453255e-05	0.016080750914108384
0.005270412549057846	0.016116926833606934
0.006059402247541204	0.02363151058811436
-0.002155197234561314	0.02387193468769539
-0.002134625037655922	0.018954758714539638
0.007963836677155408	0.020916520291024893
0.010109827011660775	0.020781571199512402
0.006728218764731525	0.018212010658767607
-0.001732822841470806	0.016578903307693016
0.005759262964329744	0.029980202963053027
0.009242868334047766	0.026740563931428138
0.0007468892316564949	0.019841346461343827
0.006370389088049972	0.015605111932491403
0.001844962379152993	0.0155471791071155
0.007957706279721845	0.022555855651550345
0.01921901098479504	0.020982105471060754
0.005788371379827418	0.0279628506293695
-0.009505810796688934	0.03450073426813627
0.00416128757793908	0.020678467130427654
0.004332810718338405	0.013915731944763872
-0.005940015579544596	0.009300200184457041
0.0012006510048416638	0.020271474665324345
-0.001635414775112377	0.018798878331109648
-0.0002954049277476245	0.015540835349610314
-0.001834209426796566	0.017969903405621924
0.010629360015283407	0.015421333149474518
0.003728104810944073	0.01804235744223887
-0.004178743669048439	0.023400079178345093
0.01107349981873305	0.01892144006459973
0.008448097349229123	0.0314068313264099
0.015732824102495522	0.021858581250667825
0.015426001645846218	0.01905587121103931
0.0062680923831285405	0.031481542490887596
0.004519070375107283	0.02232008812255564
0.008173291805943584	0.020949152629898618
0.00895287566585191	0.016300681128650484
0.012428003306781718	0.017231169010948684
0.001176770104132116	0.027278965458310826
0.007585226814574181	0.025910827908701722
-0.0010584137076433272	0.023369450051513935
6.003832816869059e-05	0.03772187265089603
0.0078862204884831	0.023846592312669328
-0.002097859020154067	0.025762699927212883
0.007600062396723678	0.019674605590431403
0.012421035733946905	0.026017262866842392
0.01105746839054868	0.017082344848687144
0.005264510922110304	0.01887677963246983
0.008030325686664432	0.01729268613901647
0.014748940255077664	0.017517651040017266
0.0027580369667287653	0.02421084993655235
0.01588731978362404	0.01878054432484886
0.009687195407323105	0.021532370475318512
0.011002664131772893	0.021531034714327952
0.00602234426778761	0.018229279130469206
0.0003050474070381117	0.016978446934123145
0.011108577955828895	0.02154948267681266
0.012230004706328495	0.01438055687642742
0.017842631440356284	0.0235208597560901
0.008886221496717247	0.020609239130847928
0.013254503472811898	0.019091069203274167
0.012493090486662991	0.017889486628168094
0.013999303449786244	0.020060215107668856
0.0018386090006527593	0.03234464119878107
0.017242555506425963	0.027426691997577357
0.01618933219128068	0.026673271413761336
0.018161038364108463	0.026491711580713822
0.012900264964490375	0.020078465222723656
0.004626619193968973	0.022055863528265825
0.021650173810993704	0.020249084266017913
0.01567683056229111	0.017630190551171054
0.0045280711979649385	0.022285287015537083
0.011562126639078312	0.025086956255788762
0.01914236604962917	0.017488300917673973
0.012258248603062205	0.026694758771921588
0.013534916109759487	0.01646846492323914
0.008917680327975155	0.028954898339765937
0.01813894544140444	0.019178472634581504
0.0024116023115792083	0.022587511662834747
0.003340248254296181	0.029511332308399862
0.0070103687002117925	0.02410443344183302
0.008607332323989594	0.019424728176486484
0.012715113006096295	0.027351106891184702
0.01454236972181005	0.016095449922495335
0.017534524427834226	0.01745906587858476
0.005315535692542144	0.023555598203996924
0.0057264859864797416	0.028746033999220735
0.005282997004477971	0.02050946176845201
0.011147888381488363	0.019756727149158337
0.009606030506849028	0.015482011603006343
0.014666478522303811	0.01972692540206085
0.011604711103394023	0.024231169415387936
0.012602523026549855	0.01305199318605017
0.004269830718271502	0.029237201994418805
0.008885866260604856	0.01903379737186685
0.01611082489970444	0.006346200893579719
0.009920713662496479	0.02425952051966862
0.013914399240825765	0.015474036793871541
0.005395406482230818	0.01874824144899643
0.0171599050559555	0.021978957505941456
0.007845129809895058	0.015748388062325997
0.003558973275638569	0.021279761255649312
0.0034685036168872556	0.014098387492077128
0.0002858437670335695	0.026568588721264205
0.003974719622364587	0.01690949865350723
0.00032210150367330547	0.02105785091708583
-0.008018633861088274	0.03025113261521514
0.004206393233518773	0.025767622022489636
0.007905359993661943	0.023632894994019108
0.009452310762263652	0.024746255490011117
0.0012836060061023654	0.014705577584822539
0.005647471925089257	0.01624158695782812
0.010481261094928676	0.024491768029134716
0.011433284239891999	0.02011961455088147
0.01957627899017441	0.017596495151760188
0.012213217289412012	0.021530081376887462
0.0081466287339788	0.011428712536625793
0.004005754043496143	0.020867510919036925
0.007625052068349526	0.017367954609940138
0.019102980004586358	0.019069365534121124
0.01405880308376627	0.018578032110482038
0.02469498364066441	0.024600333120010556
0.016124852360544294	0.026628159070359
0.014067056479139094	0.014070599573616106
0.010664363146941426	0.02080953295812123
0.01369653083761844	0.016344464078240296
0.009746626698475144	0.020371476457713207
0.003588859184573139	0.017196667583943566
0.007348047265301441	0.021085880638317483
0.0033620552030114185	0.02533400110195955
-0.0008450945938787769	0.019105860789697292
0.01581957076676814	0.022067693240435334
0.01734705238077092	0.03058768754161706
0.011657730739615088	0.01792799542375976
0.011292322020629578	0.022947264800529298
0.01377703452946826	0.018145230664072177
0.007414479421095459	0.0209052196885777
0.015185531235697977	0.015430482498220571
0.018411388033401213	0.024045334874369755
0.01735262732515225	0.02723986685627659
0.02134398525728417	0.022789973220767343
0.016275560881994562	0.024043232568136664
0.018510473739122416	0.023990217781048533
0.011043617886117844	0.01957859751082118
0.010328565534329252	0.019842715573296223
0.019644483898861337	0.01938174963153772
0.014952532097617113	0.01679041301571448
0.016001689218342635	0.014376605012367307
0.007637794004106291	0.021531473924571443
0.0015237202687098084	0.024932554496497814
0.017251532520858377	0.01996748389638278
0.01774299166916101	0.024369411964149965
0.019291575935334794	0.02700804977690686
0.009193808165721237	0.021911320391615398
0.020223747054336095	0.012836423755045253
0.01835389839152448	0.020217794299489996
0.016696842070641295	0.01969986496028231
0.0202774589420312	0.024922501032445348
0.019268202776722997	0.01718941174544449
0.018250885922796417	0.022930495586577962
0.013016716983762921	0.01983675550682376
0.01616479774105383	0.02534432411517335
0.021409316557344647	0.026090812877308148
0.028446912218065983	0.012935962959186701
0.018119889390587857	0.022642067797199964
0.009545955870187204	0.02460742172260698
0.008375215043401597	0.018928189937999954
0.009954585720727343	0.01658173555459622
0.0017967133408570268	0.023994634448556342
-0.0001246695772975013	0.015609675277247551
0.013741892922804371	0.01568366062012029
-0.004141934415918395	0.016972580512710073
0.006437679574798905	0.014254766043814779
0.014382185697714303	0.02515319019941678
0.01680959717242412	0.03229062990430869
0.020124571485982935	0.02044283478338737
0.011636098259062038	0.02805824887045916
0.011738289618288952	0.027584761765582198
0.0032342764555146663	0.012895192056480091
0.012248834749010673	0.024537218495220666
0.014017138663238001	0.01889244544188342
0.007958536084371992	0.01516148687997969
0.007159147111374151	0.02786746783678852
0.005945913301194346	0.024630721221071294
0.00073692056248816	0.02396052187679367
0.016768972707467553	0.016077030327343377
0.011555407383519943	0.01811447399692333
0.004711096771637767	0.019459593837401014
0.014359059582819337	0.015255881394424678
0.004153225336087328	0.01244184629298091
0.013692058608851513	0.022531317421932793
0.007407100923481633	0.019331736765477774
0.013233986905588357	0.017594748429957178
0.011996531528472082	0.010666282648128328
0.013192661522592158	0.01907662164389097
0.01578791696950297	0.02805448042949271
-0.00034155032549732943	0.024563621621982584
0.016531063727796478	0.01520824952530476
0.01228076364771118	0.02739517602931353
0.011938282507049227	0.014283249182937111
0.004803849149147896	0.0220165304173272
0.005389675162683285	0.01965302100531153
0.02046232840006664	0.016949133609618118
0.00668843647832804	0.011445770506784365
0.016563638044033956	0.01959238942517756
0.009501712838682078	0.01602297485674484
0.01449971270206733	0.017032872552893815
0.013452975125631905	0.015894615423361864
0.020867090276823843	0.0217215063674461
0.025552814282240134	0.015876423246465293
0.02020407044240342	0.01771453517128668
0.01884914474257438	0.024232875207121484
0.02302249637067174	0.029219821215083857
0.020345035654647785	0.02409552929511909
0.01656300341238017	0.02483101994533691
0.012151621717196118	0.01241958558038352
0.02069543257537334	0.020611536099370515
0.02405454977424388	0.022684175819615172
0.019301632169895007	0.02500521182874977
0.01564603380232196	0.021419757428011475
0.014032639914261947	0.025746979147831073
0.014379215821027419	0.02398930083554691
0.01360678882979198	0.02024150818491261
0.013156420040914158	0.02786754743964223
0.021527885321238414	0.023941654382350623
0.011231517864521468	0.027013819803480717
0.017868661114519634	0.01048311450194597
0.011358469730923856	0.022496072135528965
0.022883824671157054	0.022492493497419674
0.013368250944885229	0.01879652544595119
0.018960430700336435	0.013000526445669396
0.013444307908343838	0.022498126739623335
0.016828960900457907	0.018231861818067262
0.007002850380320537	0.020298644135763936
0.012499536927314522	0.016051233649366774
0.008700212365820501	0.017374322402100344
0.017125806224914525	0.0195176434467362
0.020326570993935124	0.01917809311750582
0.018216093478547225	0.023182621147205
0.022013551865386692	0.022103931755718623
-0.0028966759899301214	0.027522520411143163
0.006400506906793385	0.022743073077607836
0.015023198140971658	0.014673187582449185
0.030745033337060496	0.020321916457675414
0.019099920995711537	0.016962826146582812
0.0185405391989002	0.028119755575375698
0.010476690531593285	0.020394147917876748
0.01078805000533601	0.029711635163207684
0.01639692894943532	0.031224719496890593
0.015114301405835983	0.03587343232808619
0.0071906551967339475	0.030648275421953145
0.014643584391686693	0.011847203230211588
0.012234521508463941	0.01462959762013313
0.013425235015252873	0.018587053866265257
0.010615843416224794	0.022496510510195494
0.017080231632456488	0.013756183731935972
0.00901030318742008	0.02024173122360579
0.009491271715331524	0.021758771134305053
0.013436607692492764	0.026611707936917046
0.0030491151722273875	0.01677543271891489
0.004039877351214113	0.02512717543286075
0.010369254485126317	0.01508655431060581
0.01732420604969965	0.019841986507558636
0.010708445431486966	0.017335816546083547
0.008686812289743525	0.013931446900139142
0.010842202543581893	0.018461205524990348
0.01742102404984608	0.01407903870834214
0.015769692584629708	0.016613494942771083
0.018108500529600172	0.024570532925361512
0.013763824043644013	0.018537332625278076
0.023205781959435942	0.015560968889751106
0.02417717691227509	0.019381712229914798
0.016557164444303017	0.02192576516996664
0.011432067381242856	0.0164802657699697
0.022619288813159853	0.015492536526249174
0.016372087080895804	0.012236620008787922
0.020860250546675667	0.016444553452361035
0.015833100923439	0.024845627461579207
0.014622741609235787	0.020413181469606946
0.008679970760601258	0.020023732333903387
0.012996744773686748	0.01707880384029374
0.010139970418920705	0.018538928915937086
0.007509102153256311	0.02211637712006735
0.008139907034445636	0.01734451400601905
0.01645662912710175	0.0242238956907501
0.020495628882493025	0.01799675847345909
0.02427464000534157	0.011718037638888613
0.017885126469435957	0.013166421250081488
0.013795350692223296	0.02035000634639998
0.00878247777396271	0.02329020063493517
0.022798714092611066	0.017353387039181312
0.026798982972795073	0.02266124288724432
0.022378763894065106	0.019773984815766366
0.01914257363437778	0.015322000950407415
0.008356941380983494	0.012753376200485297
0.006904897521356703	0.007493989675574254
0.01307050415184019	0.029150067664697854
0.01275209088970276	0.024807930121393425
0.016427956891945105	0.023159582636610308
0.004767204426266303	0.025008585563877573
0.006989067071981996	0.013974639472606343
0.022176929278685482	0.02862901009654439
0.01272755487072345	0.01819783211652818
0.01708202991462609	0.022527757073304167
0.01019304956005781	0.01792169435088321
0.021591983683629305	0.020175873869779436
0.0246681003210386	0.017326105462357612
0.01994390497134873	0.023855433821447013
0.019441677093108116	0.020777277247518197
0.016032351830708527	0.02707801846366021
0.0121303929955782	0.03256673694623561
0.02184683750741644	0.015687723544520568
0.015116225397313133	0.01961863171251751
0.01809550638521128	0.01644675299510387
0.024026743271841497	0.025980114088082984
0.015379308241377556	0.029803930387388083
0.021764758784723958	0.018543509136912856
0.019860790532492466	0.01461207992130333
0.013096104367894375	0.027807586834458654
0.027367020759474663	0.02134421018659695
0.01805846852311358	0.02262901349708337
0.024317073673928373	0.02811161148132986
0.015671110258626622	0.019479271357104234
0.036709114123194365	0.021334736408499626
0.01519293207535479	0.01923643429796557
0.017800242257302402	0.02466224277538402
0.013384960802048717	0.0241764892329551
0.014061196193888247	0.022435323706980214
0.0121248711212228	0.022843824386262757
0.015078110020342895	0.022093728084150267
0.024144072932263345	0.016873436758055388
0.022207070017784433	0.024858771083099536
0.024058598620399208	0.014999058148581407
0.017747429962251225	0.02092119893870591
0.010814933870999698	0.028732710232510575
0.01866395393749887	0.028652647588705917
0.011439520858580366	0.021881108044628148
0.019309571777135014	0.02005308553468142
0.010451704680042384	0.02742297101665145
0.014134635003375431	0.02632324287559372
0.025799977166425958	0.02140061429833008
0.023840060339022445	0.020248367153400785
0.009153551861181752	0.014672265709928302
0.015987712698307253	0.025526487156163447
0.022847377043109764	0.016310119972190326
0.022648975428991854	0.016514489128391034
0.017813406862447412	0.029533932773108715
0.01199869848021433	0.02589271233981764
0.02902661462265288	0.014613707103925348
0.02610664880089573	0.021480758036258037
0.026907545553510836	0.02322121952767538
0.020868967207234527	0.016392159948930254
0.0265891329148239	0.028555965165304592
0.012574138350174274	0.03550671047185095
0.007266125050135179	0.017177364308247747
0.02203321119268277	0.012652452511786249
0.02137822105565104	0.021315771324059974
0.021165012043605328	0.022280901782060106
0.01262124817597372	0.022800519263319347
0.020573585752650732	0.013865995827787386
0.01570749777140901	0.02132036680047573
0.01676049932622671	0.01968177346393832
0.02883541683635321	0.027502043416345573
0.0218718521037686	0.02635070589852265
0.02487944143044272	0.031531677820231856
0.024212763040138273	0.025060557456239325
0.01802217004572163	0.02545376528908578
0.027596147944777605	0.012215915312410662
0.0293165099024144	0.017011139130413386
0.01827722364443244	0.013720846680823172
0.009221427765279695	0.020879930205983173
0.022521032898390244	0.020787494356524324
0.02927635555798942	0.02532925931748369
0.026045592873029832	0.019726947343175462
0.01611283795232953	0.023992241656374303
0.0024150863028053115	0.025692271605584596
0.023749851103680785	0.02140552060281644
0.014989088151305837	0.023056745958379345
0.018793533882718826	0.02863256512854406
0.004958394686625975	0.029246972915456276
0.018071331371364463	0.03470569009887628
0.00788494274312793	0.025372299734414627
0.010462516561233882	0.028603822833777857
0.011983938840776722	0.01862271898685643
0.016967786374628344	0.010948948660004187
0.02368524682872275	0.014980668782479998
0.03165745144790283	0.02033987817891871
0.021983590998403614	0.014134033717152458
0.014608243225421372	0.020472361055113412
0.020785911165500645	0.017049097143270773
0.030984649632276418	0.027059984020154526
0.02102808574299731	0.009839700652337852
0.020537995517718993	0.017002787131523703
0.018988581767265412	0.018580391997751602
0.03089543078834626	0.020932090645806534
0.026129343791829036	0.014231708011442067
0.030523721060498343	0.0142404544335481
0.014234000238597628	0.0261983823423275
0.027618489804801777	0.024473508373035004
0.025504492671824818	0.01121072808069616
0.032068193845558826	0.013808527186301649
0.02710040218543952	0.016441701326125876
0.02164927751604511	0.01773062033845071
0.031774237688686535	0.018244008213410365
0.01843375716259697	0.02399546695768476
0.020421645913292086	0.02136356919009108
0.02688900437991696	0.016984238674172758
0.03028180934948465	0.021598143413281073
0.01663466832733474	0.02425903924947312
0.020502286261400056	0.010499577804921905
0.023550661064400756	0.019863746143495897
0.013902820917380761	0.018550085866313726
0.027639304196751736	0.017509762881423765
0.022353327981179776	0.0199265014237228
0.01932437317456487	0.02220566597732065
0.022897849586994104	0.020354954623505336
0.020347731676754955	0.017693595567136334
0.015073766983765089	0.019417559670907556
0.020921324432738614	0.02182997242583478
0.017777334421136118	0.01738773658793679
0.019027317844569597	0.022478604919034327
0.02821764785408043	0.01630530057158279
0.021620584692857103	0.021179668595514824
0.014581744509738776	0.021964900247857452
0.023016253371184986	0.02122638600411928
0.024967576650365468	0.02561596454135675
0.026074779779603374	0.024297101610497477
0.014999607743981038	0.012498996316168224
0.018917890072482037	0.0134103170820772
0.013618378750574927	0.024406508265575475
0.029817619560177294	0.016490698646669064
0.025239866793295134	0.016405648393479074
0.02136707326897764	0.017043915072415206
0.017559938003990378	0.02489927453405907
0.010984856636712337	0.023086708159791563
0.01765128596944867	0.02274750775683921
0.023216916964609757	0.029603868792759367
0.024839305095887523	0.01861600527688496
0.016108765304920857	0.020631419264971522
0.026486372750996155	0.01196323173410233
0.024822691950498695	0.02424007419174019
0.022202205617577502	0.027060300076258464
0.013473394847513618	0.019063375840701727
